samples	predictions	aquatic products	cattle	chicken	game	plants	small ruminants	swine	turkey	experiment
1141000007	cattle	0.164749677850427	0.341428832784486	0.268302440577205	0.0252469813391877	0.0258814891104505	0.108626051957556	0.0340285400658617	0.0317359863148266	Source_1_up
1141000061	cattle	0.128525748102897	0.390193926088547	0.192248866589348	0.0021953896816685	0.0211519851309605	0.250859860958653	0.00548847420417124	0.00933574924375358	Source_1_up
1141100052	cattle	0.0746432491767289	0.459429527938113	0.332556359163787	0.00544705175734731	0.0119014711481058	0.0702055597774588	0.021937009203749	0.0238797718347098	Source_1_up
1141200043	cattle	0.142795781033742	0.329308452250274	0.29263319123891	0.0230515916575192	0.0333610201904207	0.114114526161727	0.0439077936333699	0.0208276438340363	Source_1_up
1141200044	cattle	0.143893475874576	0.374826198316868	0.172303823076151	0.0021953896816685	0.0202408266683072	0.272813757775338	0.00548847420417124	0.00823805440291933	Source_1_up
1141200045	cattle	0.089008733832864	0.438492499085254	0.215402788932064	0.0021953896816685	0.0158500473049702	0.222319795096963	0.00658616904500549	0.0101445770212104	Source_1_up
1141200080	cattle	0.148188803512623	0.29874222250259	0.279448884394925	0.0142252473396239	0.0294327072060445	0.117881118648362	0.0871565870660951	0.024924429329737	Source_1_up
1141300029	cattle	0.170238152054598	0.322292352725942	0.280096601410882	0.0208562019758507	0.0355564098720892	0.11740761068423	0.0285400658616904	0.0250126054147169	Source_1_up
1141300048	cattle	0.0812294182217344	0.602651727962633	0.149369572260301	0.0219169342569625	0.0233439898393824	0.0798974077514144	0.0153508401587436	0.0262401095488287	Source_1_up
1141300073	cattle	0.0966925977187038	0.425320160995243	0.172303823076151	0.0021953896816685	0.0180454369866387	0.271716062934504	0.00548847420417124	0.00823805440291933	Source_1_up
1141400012	cattle	0.151481888035126	0.307938584065432	0.292550754808623	0.0153229421804582	0.0243485492060875	0.092147638270684	0.0938144523134225	0.0223951911201666	Source_1_up
1141400028	cattle	0.139502696511239	0.505014250775127	0.127004635806549	0.0186150750091475	0.0553029636575964	0.116726605493075	0.0208562019758507	0.0169775707714148	Source_1_up
1141400039	cattle	0.173531236577101	0.333744968898646	0.270483416084195	0.0252469813391877	0.029028214320842	0.111919136480059	0.0329308452250274	0.0231152010749415	Source_1_up
1141500009	cattle	0.166849615806806	0.323698546687742	0.261260188159528	0.0152690203286277	0.0320791256944174	0.136971910270483	0.04167641395692	0.0221951790954759	Source_1_up
1141500048	cattle	0.136114160263447	0.351150464848192	0.18126176817647	0.0196493278094496	0.0483941690722516	0.170217404561532	0.017563117453348	0.075649587815311	Source_1_up
1141500058	cattle	0.089008733832864	0.438492499085254	0.215402788932064	0.0021953896816685	0.0158500473049702	0.222319795096963	0.00658616904500549	0.0101445770212104	Source_1_up
1141500059	chicken	0.119648737650933	0.220771349323319	0.47667014970762	0.0164206370212924	0.0243485492060875	0.0737902808143198	0.0544433255217785	0.0139069707546495	Source_1_up
1141600029	cattle	0.089008733832864	0.438492499085254	0.215402788932064	0.0021953896816685	0.0158500473049702	0.222319795096963	0.00658616904500549	0.0101445770212104	Source_1_up
1141600046	cattle	0.113158020331217	0.359458470545188	0.158253329113473	0.0021953896816685	0.0169477421458045	0.334174899377973	0.00548847420417124	0.0103236746005044	Source_1_up
1141600058	cattle	0.0669593852908891	0.513326044706451	0.299404768712526	0.00652675160079083	0.0119014711481058	0.0633288835813534	0.0208393143629148	0.0177133805969684	Source_1_up
1141700016	cattle	0.15257958287596	0.330624277442673	0.261617657377411	0.0164206370212924	0.0244217288621431	0.092513536550962	0.101498316199262	0.0203242636702958	Source_1_up
1141700120	cattle	0.15257958287596	0.330624277442673	0.261617657377411	0.0164206370212924	0.0244217288621431	0.092513536550962	0.101498316199262	0.0203242636702958	Source_1_up
1141800026	cattle	0.155872667398463	0.319893026124628	0.2728245989905	0.0164206370212924	0.0254462440469218	0.0944443033692151	0.0894425987232033	0.0256559243257765	Source_1_up
1141800052	small ruminants	0.103278766763709	0.276033662641786	0.159257038317608	0.0021953896816685	0.0266404593351317	0.417709476765459	0.00658616904500549	0.00829903744963235	Source_1_up
1141900005	cattle	0.140600391352074	0.503916555934292	0.128102330647384	0.0186150750091475	0.0553029636575964	0.115628910652241	0.0208562019758507	0.0169775707714148	Source_1_up
1141900032	cattle	0.153677277716795	0.309120188115391	0.275777920824173	0.0229888110689072	0.0276416337285902	0.0876576812155874	0.101531579679288	0.0216049076512691	Source_1_up
1141900051	cattle	0.0868133441511955	0.411050128064398	0.163784491450343	0.0021953896816685	0.0181186166426943	0.302360043907794	0.00548847420417124	0.0101895118977358	Source_1_up
1141900077	cattle	0.13172338090011	0.379122264273831	0.188344031281783	0.0142252473396239	0.0283307265597602	0.103058102364463	0.13466213018468	0.0205341170957494	Source_1_up
1141900081	cattle	0.153677277716795	0.309120188115391	0.275777920824173	0.0229888110689072	0.0276416337285902	0.0876576812155874	0.101531579679288	0.0216049076512691	Source_1_up
1141900090	cattle	0.153677277716795	0.309120188115391	0.275777920824173	0.0229888110689072	0.0276416337285902	0.0876576812155874	0.101531579679288	0.0216049076512691	Source_1_up
1141900092	cattle	0.153677277716795	0.309120188115391	0.275777920824173	0.0229888110689072	0.0276416337285902	0.0876576812155874	0.101531579679288	0.0216049076512691	Source_1_up
1141900093	cattle	0.153677277716795	0.309120188115391	0.275777920824173	0.0229888110689072	0.0276416337285902	0.0876576812155874	0.101531579679288	0.0216049076512691	Source_1_up
1141900098	cattle	0.153677277716795	0.309120188115391	0.275777920824173	0.0229888110689072	0.0276416337285902	0.0876576812155874	0.101531579679288	0.0216049076512691	Source_1_up
1141900118	cattle	0.144991170715411	0.371588361593372	0.172511499431564	0.00433553156433038	0.0181375512390164	0.273846882331418	0.00548847420417124	0.00910052892071767	Source_1_up
1141900120	cattle	0.0857156493103613	0.358360775704354	0.157180027491324	0.0021953896816685	0.0180454369866387	0.237687522868642	0.00548847420417124	0.13532672375284	Source_1_up
1142000033	cattle	0.155872667398463	0.341330030655045	0.248622009641166	0.0153229421804582	0.0264861654750805	0.0894916472244301	0.101498316199262	0.0213762212260953	Source_1_up
1142000035	cattle	0.155872667398463	0.341330030655045	0.248622009641166	0.0153229421804582	0.0264861654750805	0.0894916472244301	0.101498316199262	0.0213762212260953	Source_1_up
1142000037	cattle	0.155872667398463	0.341330030655045	0.248622009641166	0.0153229421804582	0.0264861654750805	0.0894916472244301	0.101498316199262	0.0213762212260953	Source_1_up
1142000046	cattle	0.0735455543358946	0.401251701373898	0.389095182579669	0.00544705175734731	0.0119014711481058	0.0766349152737737	0.0208393143629148	0.021284809168397	Source_1_up
1141000041	chicken	0.171240395170143	0.21296968673478	0.301088378788469	0.00109769484083425	0.168514463179905	0.0351262349066959	0.0427932111795998	0.067169935199573	Source_1_up
1141000047	chicken	0.169045005488474	0.284255191997202	0.291112744247036	0.00656846428950816	0.04198273858822	0.113021324808545	0.0329308452250274	0.0610836853559867	Source_1_up
1141000057	cattle	0.089008733832864	0.400073179656056	0.167059281058832	0.0021953896816685	0.0180454369866387	0.309037687522869	0.00548847420417124	0.00909181705690153	Source_1_up
1141100003	chicken	0.107574094401756	0.162476541198966	0.344330731258978	0.0197408023795191	0.194748151099752	0.0274423710208562	0.013172338090011	0.130514970550161	Source_1_up
1141100024	chicken	0.108671789242591	0.165769625721469	0.342415604089863	0.0197408023795191	0.235362860210619	0.0274423710208562	0.013172338090011	0.0874246092450723	Source_1_up
1141200023	aquatic products	0.307354555433589	0.131759526317271	0.285838352561495	0.00217613187744333	0.104814898931493	0.0504939626783754	0.039500126657097	0.0780624455432359	Source_1_up
1141200047	cattle	0.161456593327924	0.34648737650933	0.272216720589179	0.0230058543724844	0.0312244355895111	0.10972374679839	0.0318331503841932	0.0240521224289869	Source_1_up
1141200048	cattle	0.231613611416026	0.380368967104564	0.23933121076332	0.00766615913034241	0.0272365532381998	0.0630259787778998	0.0252469813391877	0.0255105382304595	Source_1_up
1141200059	chicken	0.245883644346872	0.128466441794768	0.297912995810672	0.00217613187744333	0.132257269952349	0.0537870472008782	0.048281685383771	0.0912347836332469	Source_1_up
1141300046	chicken	0.233809001097695	0.236570942955278	0.295144771516508	0.00766615913034241	0.0261388583973655	0.151939260885474	0.0241492864983535	0.0245817195189844	Source_1_up
1141300047	chicken	0.233809001097695	0.236570942955278	0.295144771516508	0.00766615913034241	0.0261388583973655	0.151939260885474	0.0241492864983535	0.0245817195189844	Source_1_up
1141300074	chicken	0.108671789242591	0.165769625721469	0.342415604089863	0.0197408023795191	0.235362860210619	0.0274423710208562	0.013172338090011	0.0874246092450723	Source_1_up
1141400026	cattle	0.231613611416026	0.380368967104564	0.23933121076332	0.00766615913034241	0.0272365532381998	0.0630259787778998	0.0252469813391877	0.0255105382304595	Source_1_up
1141400027	plants	0.102085620197585	0.161378846358132	0.289932069512475	0.0197408023795191	0.349523123657381	0.0274423710208562	0.0120746432491767	0.0378225236248747	Source_1_up
1141400080	chicken	0.105378704720088	0.162476541198966	0.345708688612366	0.0197408023795191	0.194748151099752	0.0274423710208562	0.013172338090011	0.131332402878442	Source_1_up
1141500015	cattle	0.161456593327924	0.324048664471277	0.287586668210774	0.0197585071350165	0.0333953231541967	0.096246493474814	0.0472008781558727	0.0303068720701251	Source_1_up
1141500023	cattle	0.118646494535389	0.398975484815221	0.20303927861951	0.0021953896816685	0.0180454369866387	0.244273691913648	0.00548847420417124	0.00933574924375358	Source_1_up
1141500033	cattle	0.231613611416026	0.380368967104564	0.23933121076332	0.00766615913034241	0.0272365532381998	0.0630259787778998	0.0252469813391877	0.0255105382304595	Source_1_up
1141500034	cattle	0.109864935808715	0.346286132455177	0.173588054295166	0.0021953896816685	0.032128933539303	0.321112330772045	0.00548847420417124	0.00933574924375358	Source_1_up
1141500046	cattle	0.231613611416026	0.380368967104564	0.23933121076332	0.00766615913034241	0.0272365532381998	0.0630259787778998	0.0252469813391877	0.0255105382304595	Source_1_up
1141600025	cattle	0.185594866165667	0.289982844557945	0.209278694142372	0.017430569512943	0.0650715033370952	0.144657231718154	0.0306994655485775	0.0572848250172459	Source_1_up
1141600027	cattle	0.129623442943731	0.405561653860227	0.19005347690768	0.0021953896816685	0.0211519851309605	0.236589828027808	0.00548847420417124	0.00933574924375358	Source_1_up
1141600061	cattle	0.231613611416026	0.380368967104564	0.23933121076332	0.00766615913034241	0.0272365532381998	0.0630259787778998	0.0252469813391877	0.0255105382304595	Source_1_up
1141600065	chicken	0.104281009879254	0.144572321202398	0.62580596621766	0.00871935601902671	0.0238443211912139	0.049432857665569	0.0175462298404121	0.0257979379844662	Source_1_up
1141600070	cattle	0.149286498353458	0.345390557945136	0.246980111909169	0.0186160267029609	0.026543938887756	0.085364683595949	0.09058780412931	0.0372303784762621	Source_1_up
1141700002	cattle	0.231613611416026	0.380368967104564	0.23933121076332	0.00766615913034241	0.0272365532381998	0.0630259787778998	0.0252469813391877	0.0255105382304595	Source_1_up
1141700005	cattle	0.231613611416026	0.380368967104564	0.23933121076332	0.00766615913034241	0.0272365532381998	0.0630259787778998	0.0252469813391877	0.0255105382304595	Source_1_up
1141700012	cattle	0.231613611416026	0.380368967104564	0.23933121076332	0.00766615913034241	0.0272365532381998	0.0630259787778998	0.0252469813391877	0.0255105382304595	Source_1_up
1141700039	cattle	0.143893475874576	0.373728503476034	0.172303823076151	0.0021953896816685	0.0202408266683072	0.273911452616173	0.00548847420417124	0.00823805440291933	Source_1_up
1141700108	cattle	0.136209611988737	0.505014250775127	0.135786194533223	0.0197127698499817	0.0564006584984307	0.112335826129738	0.017563117453348	0.0169775707714148	Source_1_up
1141700122	chicken	0.121844127332602	0.202777082854687	0.54066092321998	0.00761442830521022	0.028482292449015	0.048481522136846	0.0263446761800219	0.0237949475216385	Source_1_up
1141800011	cattle	0.143893475874576	0.373728503476034	0.172303823076151	0.0021953896816685	0.0202408266683072	0.273911452616173	0.00548847420417124	0.00823805440291933	Source_1_up
1141800017	cattle	0.0702524698133919	0.484219136426953	0.325419734354276	0.00544705175734731	0.0119014711481058	0.0617245603524418	0.0208393143629148	0.0201962617845697	Source_1_up
1141800019	cattle	0.143893475874576	0.373728503476034	0.172303823076151	0.0021953896816685	0.0202408266683072	0.273911452616173	0.00548847420417124	0.00823805440291933	Source_1_up
1141800032	cattle	0.142795781033742	0.369337724112697	0.174608982241903	0.0021953896816685	0.0202408266683072	0.276106842297841	0.00548847420417124	0.00922597975967016	Source_1_up
1141900006	cattle	0.1602634467618	0.511595231409389	0.207898867871409	0.00541903862354173	0.0230515916575192	0.0350347603366264	0.0263446761800219	0.0303923871596928	Source_1_up
1141900019	cattle	0.154774972557629	0.326233498079336	0.264846709700865	0.0164206370212924	0.0254462440469218	0.0914158417101278	0.101498316199262	0.0193637806845659	Source_1_up
1141900044	cattle	0.159261203646256	0.345389681668496	0.279936520913261	0.020810464690816	0.0355106725870544	0.10972374679839	0.0285400658616904	0.0208276438340363	Source_1_up
1141900073	chicken	0.250274423710209	0.158104202497293	0.279183577588937	0.00217613187744333	0.0695666979313712	0.0340285400658617	0.150367305581356	0.0562991207475291	Source_1_up
1141900082	cattle	0.231613611416026	0.380368967104564	0.23933121076332	0.00766615913034241	0.0272365532381998	0.0630259787778998	0.0252469813391877	0.0255105382304595	Source_1_up
1141900087	cattle	0.142795781033742	0.369337724112697	0.174608982241903	0.0021953896816685	0.0202408266683072	0.276106842297841	0.00548847420417124	0.00922597975967016	Source_1_up
1141900112	plants	0.0987925356750823	0.165769625721469	0.298933167207316	0.0197408023795191	0.339643870089873	0.0274423710208562	0.0120746432491767	0.0376029846567078	Source_1_up
1141900115	cattle	0.142795781033742	0.369337724112697	0.174608982241903	0.0021953896816685	0.0202408266683072	0.276106842297841	0.00548847420417124	0.00922597975967016	Source_1_up
1141900116	cattle	0.142795781033742	0.369337724112697	0.174608982241903	0.0021953896816685	0.0202408266683072	0.276106842297841	0.00548847420417124	0.00922597975967016	Source_1_up
1141900117	cattle	0.142795781033742	0.369337724112697	0.174608982241903	0.0021953896816685	0.0202408266683072	0.276106842297841	0.00548847420417124	0.00922597975967016	Source_1_up
1141900125	cattle	0.154774972557629	0.334966806483336	0.263749014860031	0.0164206370212924	0.0254462440469218	0.088122757187625	0.0971557871585993	0.0193637806845659	Source_1_up
1141900126	chicken	0.122941822173436	0.19838630349135	0.542856312901648	0.00761442830521022	0.0295799872898492	0.048481522136846	0.0263446761800219	0.0237949475216385	Source_1_up
1142000024	cattle	0.142795781033742	0.369337724112697	0.174608982241903	0.0021953896816685	0.0202408266683072	0.276106842297841	0.00548847420417124	0.00922597975967016	Source_1_up
1142000032	chicken	0.0724478594950604	0.32834646902849	0.457289474566497	0.00544705175734731	0.0119014711481058	0.0825807623282925	0.0197416195220806	0.022245292154127	Source_1_up
1142000048	cattle	0.181119648737651	0.31236555227238	0.255083002958708	0.0153229421804582	0.0254462440469218	0.0931721534554626	0.0960468328075356	0.0214436235408834	Source_1_up
1142000056	cattle	0.151481888035126	0.332187103485421	0.236547366391989	0.0153229421804582	0.0264861654750805	0.0865448942292494	0.130053418976581	0.0213762212260953	Source_1_up
1142000084	cattle	0.142700329308452	0.346510047779991	0.212398079893636	0.0164206370212924	0.0297792499975833	0.153358902365096	0.0785542272486878	0.0202785263852611	Source_1_up
1142000099	aquatic products	0.341478547224741	0.297912372668091	0.109176437064548	0.00872727381787863	0.0393325423860641	0.174619189058719	0.0175462298404121	0.011207407939547	Source_1_up
1141000006	chicken	0.26466642273448	0.240689415181258	0.314776756279141	0.00212221002561288	0.0284742183782979	0.0360550536181711	0.0164132333593706	0.0968026904236683	Source_1_up
1141000014	chicken	0.108671789242591	0.165769625721469	0.342415604089863	0.0197408023795191	0.235362860210619	0.0274423710208562	0.013172338090011	0.0874246092450723	Source_1_up
1141000035	aquatic products	0.447954946785663	0.228391699415255	0.103500356833034	0.00762957897704438	0.0351293690500697	0.148640411158975	0.0175462298404121	0.011207407939547	Source_1_up
1141100001	small ruminants	0.227222832052689	0.281038765959905	0.1199491732767	0.0252469813391877	0.0473226182321937	0.284274077069732	0.00329308452250274	0.0116524675470888	Source_1_up
1141100004	cattle	0.232711306256861	0.37927127226373	0.238233515922486	0.00766615913034241	0.0272365532381998	0.064123673618734	0.0252469813391877	0.0255105382304595	Source_1_up
1141100009	small ruminants	0.227222832052689	0.281038765959905	0.1199491732767	0.0252469813391877	0.0473226182321937	0.284274077069732	0.00329308452250274	0.0116524675470888	Source_1_up
1141100065	chicken	0.267837541163557	0.116391798545591	0.286936047402329	0.00217613187744333	0.136648049315686	0.0537870472008782	0.052672464747108	0.0835509197474071	Source_1_up
1141200025	cattle	0.158163508805422	0.353073545554336	0.269133809781241	0.020810464690816	0.0377060622687229	0.10972374679839	0.0285400658616904	0.0228487962393819	Source_1_up
1141200060	cattle	0.195389681668496	0.316062265146929	0.276604829077064	0.0173625427564736	0.0313766843697978	0.090710104019654	0.0329308452250274	0.0395630477365583	Source_1_up
1141200075	turkey	0.0824225647878585	0.253314545863942	0.178512619687472	0.00431759970728138	0.0224586158921338	0.0567218563239419	0.0109600607954066	0.391292136941964	Source_1_up
1141300002	cattle	0.24817448575383	0.29796011708745	0.23961910415512	0.0230058543724844	0.0366083674278886	0.10203988291255	0.0274423710208562	0.0251498172698211	Source_1_up
1141300049	chicken	0.109769484083425	0.167800361177012	0.336378282465275	0.0197408023795191	0.236460555051453	0.0292535675082327	0.013172338090011	0.0874246092450723	Source_1_up
1141400016	plants	0.104281009879254	0.1635742360398	0.289986954254517	0.0197408023795191	0.342936954612375	0.0274423710208562	0.0120746432491767	0.0399630285645015	Source_1_up
1141400017	chicken	0.271130625686059	0.121880272749763	0.277056793834821	0.00217613187744333	0.136648049315686	0.0537870472008782	0.0515747699062737	0.0857463094290756	Source_1_up
1141500001	chicken	0.30089035248201	0.180316198935375	0.361178475679253	0.00212221002561288	0.0305741563346765	0.0404458329815081	0.0164132333593706	0.0680595402021945	Source_1_up
1141600009	small ruminants	0.0669593852908891	0.222095029010506	0.104202376855153	0.0130991584339554	0.0356120624948478	0.512613941126565	0.00987925356750823	0.0355387932205756	Source_1_up
1141600047	cattle	0.129623442943731	0.339755211209179	0.18029515375748	0.00433553156433038	0.086094840930664	0.243111426788059	0.00548847420417124	0.0112959186023862	Source_1_up
1141600056	chicken	0.121844127332602	0.192917087091404	0.548344787105819	0.00979056018265355	0.0273845976081807	0.048481522136846	0.0274423710208562	0.0237949475216385	Source_1_up
1141600063	small ruminants	0.227222832052689	0.27061066497198	0.124729775038641	0.0230515916575192	0.0539087872771992	0.281529839967647	0.00329308452250274	0.0156534245118219	Source_1_up
1141700008	chicken	0.121844127332602	0.192917087091404	0.548344787105819	0.00979056018265355	0.0273845976081807	0.048481522136846	0.0274423710208562	0.0237949475216385	Source_1_up
1141700009	small ruminants	0.20417124039517	0.2552429372003	0.0904101795225579	0.0230515916575192	0.0473226182321937	0.362759258189381	0.00329308452250274	0.0137490902803746	Source_1_up
1141700013	chicken	0.105378704720088	0.164671930880635	0.421504517371971	0.0197408023795191	0.19694354078142	0.0285400658616904	0.013172338090011	0.0500480999146661	Source_1_up
1141700023	chicken	0.121844127332602	0.192917087091404	0.548344787105819	0.00979056018265355	0.0273845976081807	0.048481522136846	0.0274423710208562	0.0237949475216385	Source_1_up
1141700027	chicken	0.121844127332602	0.192917087091404	0.548344787105819	0.00979056018265355	0.0273845976081807	0.048481522136846	0.0274423710208562	0.0237949475216385	Source_1_up
1141700035	chicken	0.121844127332602	0.192917087091404	0.548344787105819	0.00979056018265355	0.0273845976081807	0.048481522136846	0.0274423710208562	0.0237949475216385	Source_1_up
1141700042	chicken	0.121844127332602	0.192917087091404	0.548344787105819	0.00979056018265355	0.0273845976081807	0.048481522136846	0.0274423710208562	0.0237949475216385	Source_1_up
1141700055	chicken	0.121844127332602	0.192917087091404	0.548344787105819	0.00979056018265355	0.0273845976081807	0.048481522136846	0.0274423710208562	0.0237949475216385	Source_1_up
1141700071	chicken	0.121844127332602	0.192917087091404	0.548344787105819	0.00979056018265355	0.0273845976081807	0.048481522136846	0.0274423710208562	0.0237949475216385	Source_1_up
1141700074	chicken	0.121844127332602	0.192917087091404	0.548344787105819	0.00979056018265355	0.0273845976081807	0.048481522136846	0.0274423710208562	0.0237949475216385	Source_1_up
1141700076	chicken	0.121844127332602	0.192917087091404	0.548344787105819	0.00979056018265355	0.0273845976081807	0.048481522136846	0.0274423710208562	0.0237949475216385	Source_1_up
1141700096	chicken	0.121844127332602	0.192917087091404	0.548344787105819	0.00979056018265355	0.0273845976081807	0.048481522136846	0.0274423710208562	0.0237949475216385	Source_1_up
1141700101	small ruminants	0.101083377082041	0.183802004441367	0.101323368679097	0.00867737859784071	0.0374435690591106	0.539053876215689	0.0142531453179093	0.0143632806069455	Source_1_up
1141700117	chicken	0.130625686059276	0.19181939225057	0.542856312901648	0.00979056018265355	0.0273845976081807	0.0473838272960117	0.0263446761800219	0.0237949475216385	Source_1_up
1141700119	chicken	0.121844127332602	0.192917087091404	0.548344787105819	0.00979056018265355	0.0273845976081807	0.048481522136846	0.0274423710208562	0.0237949475216385	Source_1_up
1141800008	chicken	0.121844127332602	0.192917087091404	0.548344787105819	0.00979056018265355	0.0273845976081807	0.048481522136846	0.0274423710208562	0.0237949475216385	Source_1_up
1141800027	chicken	0.121844127332602	0.192917087091404	0.548344787105819	0.00979056018265355	0.0273845976081807	0.048481522136846	0.0274423710208562	0.0237949475216385	Source_1_up
1141800062	cattle	0.253689474326137	0.328505002447998	0.252817501148609	0.00212221002561288	0.0305741563346765	0.0426412226631766	0.0131201488368679	0.0765302842169215	Source_1_up
1141800065	aquatic products	0.55665325039639	0.121054750541105	0.206569088567329	0.00212221002561288	0.0306696080599664	0.0334796926454446	0.0197063178818734	0.029745081882279	Source_1_up
1141900001	aquatic products	0.551164776192219	0.123250140222774	0.209862173089832	0.00212221002561288	0.0306696080599664	0.0334796926454446	0.0197063178818734	0.029745081882279	Source_1_up
1141900010	aquatic products	0.55665325039639	0.121054750541105	0.206569088567329	0.00212221002561288	0.0306696080599664	0.0334796926454446	0.0197063178818734	0.029745081882279	Source_1_up
1141900018	aquatic products	0.55665325039639	0.121054750541105	0.206569088567329	0.00212221002561288	0.0306696080599664	0.0334796926454446	0.0197063178818734	0.029745081882279	Source_1_up
1141900109	chicken	0.226247103305281	0.216998506748308	0.30615022500625	0.00212221002561288	0.028378766653008	0.0334012858710993	0.0197063178818734	0.166995584508567	Source_1_up
1142000001	turkey	0.0813248699470243	0.217090616116412	0.189048574647622	0.00431759970728138	0.023556310732968	0.0567218563239419	0.0109600607954066	0.416980111729344	Source_1_up
1142000011	aquatic products	0.55665325039639	0.121054750541105	0.206569088567329	0.00212221002561288	0.0306696080599664	0.0334796926454446	0.0197063178818734	0.029745081882279	Source_1_up
1142000027	cattle	0.0702524698133919	0.449092901520257	0.353959800215966	0.00544705175734731	0.0119014711481058	0.0683107293974473	0.0208393143629148	0.0201962617845697	Source_1_up
1142000051	chicken	0.0713501646542261	0.341518807118501	0.436433272590646	0.00544705175734731	0.0119014711481058	0.0902646262141322	0.0208393143629148	0.022245292154127	Source_1_up
1141000030	cattle	0.154774972557629	0.326233498079336	0.264846709700865	0.0164206370212924	0.0254462440469218	0.0914158417101278	0.101498316199262	0.0193637806845659	Source_1_up
1141100030	cattle	0.155872667398463	0.315364911853999	0.283402742032968	0.0153229421804582	0.0222579394864986	0.0912891846131084	0.0971258317499392	0.0193637806845659	Source_1_up
1141200030	cattle	0.110867178924259	0.603564673809413	0.117768641735742	0.00986379307679226	0.0289052737640649	0.09449061732267	0.0120746432491767	0.0224651781178817	Source_1_up
1141200032	small ruminants	0.226125137211855	0.271708359812814	0.126925164720309	0.0241492864983535	0.048420313073028	0.283725229649315	0.00329308452250274	0.0156534245118219	Source_1_up
1141200034	aquatic products	0.705817782656421	0.103459963192267	0.0985551996440918	0.00766615913034241	0.0320811584483585	0.0238903431000028	0.0142700329308452	0.0142593608976704	Source_1_up
1141200055	cattle	0.17563117453348	0.498182115049436	0.153006974007977	0.013081453678458	0.0309879642775746	0.0869984144407855	0.0120563483351628	0.0300555556771269	Source_1_up
1141200065	cattle	0.154774972557629	0.384593349869013	0.270476453306406	0.0141443010640277	0.0431225016086106	0.0794783335946892	0.0230515916575192	0.0303584963421057	Source_1_up
1141200068	cattle	0.243688254665203	0.316702666336178	0.28323900439669	0.00766615913034241	0.0272365532381998	0.0718075375045737	0.0241492864983535	0.0255105382304595	Source_1_up
1141300008	small ruminants	0.226125137211855	0.27829452885782	0.123031162637504	0.0252469813391877	0.0462249233913595	0.287018314171818	0.00329308452250274	0.0107658678679535	Source_1_up
1141300042	plants	0.0636663007683864	0.14549945115258	0.0713678475431341	0.0021953896816685	0.639204639101687	0.0582601536772777	0.00548847420417124	0.0143177438710959	Source_1_up
1141300051	aquatic products	0.701427003293084	0.105028098679173	0.10075058932576	0.00766615913034241	0.0320811584483585	0.0256152921355995	0.013172338090011	0.0142593608976704	Source_1_up
1141300075	cattle	0.201975850713502	0.276099139176151	0.115339458074229	0.148188803512623	0.0474872724583189	0.193714252700907	0.00439077936333699	0.0128044440009314	Source_1_up
1141300086	cattle	0.110867178924259	0.603564673809413	0.117768641735742	0.00986379307679226	0.0289052737640649	0.09449061732267	0.0120746432491767	0.0224651781178817	Source_1_up
1141300090	aquatic products	0.701427003293084	0.105028098679173	0.10075058932576	0.00766615913034241	0.0320811584483585	0.0256152921355995	0.013172338090011	0.0142593608976704	Source_1_up
1141400020	small ruminants	0.206366630076839	0.246461378473626	0.124006891384912	0.0208562019758507	0.0474445843256198	0.340805361372696	0.00439077936333699	0.00966817302711924	Source_1_up
1141400033	plants	0.0658616904500549	0.148792535675082	0.0677649171501625	0.00329308452250274	0.627439841722979	0.0670417124039517	0.00548847420417124	0.0143177438710959	Source_1_up
1141400052	aquatic products	0.365654348091231	0.172632335049535	0.308787803591415	0.00212221002561288	0.0305741563346765	0.0349573587773368	0.0153155385185364	0.0699562496116566	Source_1_up
1141400060	aquatic products	0.365654348091231	0.172632335049535	0.308787803591415	0.00212221002561288	0.0305741563346765	0.0349573587773368	0.0153155385185364	0.0699562496116566	Source_1_up
1141500022	game	0.106476399560922	0.161464950963562	0.194708886935383	0.325911558366845	0.13526093140397	0.0263446761800219	0.00987925356750823	0.0399533430217882	Source_1_up
1141600004	aquatic products	0.701427003293084	0.105028098679173	0.10075058932576	0.00766615913034241	0.0320811584483585	0.0256152921355995	0.013172338090011	0.0142593608976704	Source_1_up
1141600005	cattle	0.119648737650933	0.593685420241905	0.124902378836548	0.00986379307679226	0.0280293354567325	0.0922952276410015	0.0120746432491767	0.0195004638469106	Source_1_up
1141600024	aquatic products	0.319429198682766	0.246461378473626	0.107663434865824	0.0208562019758507	0.0462249233913595	0.245305910220117	0.00329308452250274	0.0107658678679535	Source_1_up
1141600031	aquatic products	0.319429198682766	0.246461378473626	0.107663434865824	0.0208562019758507	0.0462249233913595	0.245305910220117	0.00329308452250274	0.0107658678679535	Source_1_up
1141600064	cattle	0.142795781033742	0.369337724112697	0.174608982241903	0.0021953896816685	0.0202408266683072	0.276106842297841	0.00548847420417124	0.00922597975967016	Source_1_up
1141700040	small ruminants	0.0559824368825467	0.363250001288374	0.0663322006063109	0.0338959921254567	0.0798582560711671	0.377716794731065	0.00439077936333699	0.0185735389317426	Source_1_up
1141700072	aquatic products	0.701427003293084	0.105028098679173	0.10075058932576	0.00766615913034241	0.0320811584483585	0.0256152921355995	0.013172338090011	0.0142593608976704	Source_1_up
1141700073	aquatic products	0.701427003293084	0.105028098679173	0.10075058932576	0.00766615913034241	0.0320811584483585	0.0256152921355995	0.013172338090011	0.0142593608976704	Source_1_up
1141700081	cattle	0.273447981461154	0.28240181913296	0.274375470742144	0.00212221002561288	0.0294764614938422	0.0393481381406738	0.0153155385185364	0.0835123804850774	Source_1_up
1141700089	aquatic products	0.705817782656421	0.103459963192267	0.0985551996440918	0.00766615913034241	0.0320811584483585	0.0238903431000028	0.0142700329308452	0.0142593608976704	Source_1_up
1141700091	aquatic products	0.705817782656421	0.103459963192267	0.0985551996440918	0.00766615913034241	0.0320811584483585	0.0238903431000028	0.0142700329308452	0.0142593608976704	Source_1_up
1141700102	aquatic products	0.705817782656421	0.103459963192267	0.0985551996440918	0.00766615913034241	0.0320811584483585	0.0238903431000028	0.0142700329308452	0.0142593608976704	Source_1_up
1141800014	aquatic products	0.705817782656421	0.103459963192267	0.0985551996440918	0.00766615913034241	0.0320811584483585	0.0238903431000028	0.0142700329308452	0.0142593608976704	Source_1_up
1141800066	aquatic products	0.705817782656421	0.103459963192267	0.0985551996440918	0.00766615913034241	0.0320811584483585	0.0238903431000028	0.0142700329308452	0.0142593608976704	Source_1_up
1141900002	chicken	0.304183437004513	0.172632335049535	0.370423214237111	0.00212221002561288	0.0286323102983093	0.0360550536181711	0.0153155385185364	0.0706359012482118	Source_1_up
1141900038	aquatic products	0.691547749725576	0.10675304771477	0.104244046716034	0.00766615913034241	0.0331788532891927	0.0260857327816713	0.0142700329308452	0.0162543777115676	Source_1_up
1141900101	aquatic products	0.421514818880351	0.215725922930267	0.106254059341393	0.013172338090011	0.0410732200385758	0.186030388815067	0.00439077936333699	0.0118384725409972	Source_1_up
1141900111	chicken	0.125137211855104	0.190721697409736	0.545051702583317	0.00979056018265355	0.028482292449015	0.0495792169776802	0.0274423710208562	0.0237949475216385	Source_1_up
1141900122	aquatic products	0.705817782656421	0.103459963192267	0.0985551996440918	0.00766615913034241	0.0320811584483585	0.0238903431000028	0.0142700329308452	0.0142593608976704	Source_1_up
1142000097	cattle	0.153677277716795	0.324870892114887	0.261553625178362	0.0153229421804582	0.0254462440469218	0.0949395343924696	0.101532619163038	0.0226568652070686	Source_1_up
1141100040	aquatic products	0.37980241492865	0.183374560121134	0.149618827530111	0.00437307460783967	0.0240887646603746	0.0613376195703309	0.0230515916575192	0.174353146924041	Source_1_up
1141100042	aquatic products	0.37980241492865	0.183374560121134	0.149618827530111	0.00437307460783967	0.0240887646603746	0.0613376195703309	0.0230515916575192	0.174353146924041	Source_1_up
1141100054	aquatic products	0.376509330406147	0.186667644643637	0.151717361784647	0.00437307460783967	0.0230879252466728	0.0613376195703309	0.0230515916575192	0.173255452083207	Source_1_up
1141200039	aquatic products	0.37980241492865	0.183374560121134	0.149618827530111	0.00437307460783967	0.0240887646603746	0.0613376195703309	0.0230515916575192	0.174353146924041	Source_1_up
1141300052	cattle	0.243688254665203	0.362298819177117	0.142901392477055	0.00766615913034241	0.031537996273986	0.0602399247294966	0.0208562019758507	0.130811251570949	Source_1_up
1141300067	small ruminants	0.0581778265642152	0.363304886030416	0.0630391160838082	0.0349388022242493	0.0798582560711671	0.378814489571899	0.00329308452250274	0.0185735389317426	Source_1_up
1141300085	cattle	0.243688254665203	0.362298819177117	0.142901392477055	0.00766615913034241	0.031537996273986	0.0602399247294966	0.0208562019758507	0.130811251570949	Source_1_up
1141400011	cattle	0.2403951701427	0.362298819177117	0.143529680914474	0.00766615913034241	0.0320074026774016	0.0624353144111651	0.0208562019758507	0.130811251570949	Source_1_up
1141400029	cattle	0.243688254665203	0.362298819177117	0.142901392477055	0.00766615913034241	0.031537996273986	0.0602399247294966	0.0208562019758507	0.130811251570949	Source_1_up
1141400074	cattle	0.243688254665203	0.362298819177117	0.142901392477055	0.00766615913034241	0.031537996273986	0.0602399247294966	0.0208562019758507	0.130811251570949	Source_1_up
1141400083	cattle	0.113062568605928	0.60795545317275	0.116449190361406	0.00986379307679226	0.0280293354567325	0.0911975328001673	0.0120746432491767	0.0213674832770475	Source_1_up
1141500006	aquatic products	0.311745334796926	0.181179170439466	0.162791165620122	0.00437307460783967	0.0240887646603746	0.0602399247294966	0.021953896816685	0.23362866832909	Source_1_up
1141500027	plants	0.0603732162458836	0.134522502744237	0.0694361713490035	0.0021953896816685	0.654308653385828	0.059357848518112	0.00548847420417124	0.0143177438710959	Source_1_up
1141500055	cattle	0.243688254665203	0.362298819177117	0.142901392477055	0.00766615913034241	0.031537996273986	0.0602399247294966	0.0208562019758507	0.130811251570949	Source_1_up
1141500060	small ruminants	0.0713501646542261	0.350077663198363	0.0891637030726854	0.0338959921254567	0.0701990916948036	0.359055982436883	0.00329308452250274	0.0229643182950796	Source_1_up
1141600014	cattle	0.243688254665203	0.362298819177117	0.142901392477055	0.00766615913034241	0.031537996273986	0.0602399247294966	0.0208562019758507	0.130811251570949	Source_1_up
1141600016	cattle	0.243688254665203	0.362298819177117	0.142901392477055	0.00766615913034241	0.031537996273986	0.0602399247294966	0.0208562019758507	0.130811251570949	Source_1_up
1141600019	cattle	0.243688254665203	0.362298819177117	0.142901392477055	0.00766615913034241	0.031537996273986	0.0602399247294966	0.0208562019758507	0.130811251570949	Source_1_up
1141600033	cattle	0.243688254665203	0.362298819177117	0.142901392477055	0.00766615913034241	0.031537996273986	0.0602399247294966	0.0208562019758507	0.130811251570949	Source_1_up
1141600040	cattle	0.243688254665203	0.362298819177117	0.142901392477055	0.00766615913034241	0.031537996273986	0.0602399247294966	0.0208562019758507	0.130811251570949	Source_1_up
1141600071	aquatic products	0.311745334796926	0.181179170439466	0.162791165620122	0.00437307460783967	0.0240887646603746	0.0602399247294966	0.021953896816685	0.23362866832909	Source_1_up
1141700015	chicken	0.104281009879254	0.144572321202398	0.62580596621766	0.00871935601902671	0.0238443211912139	0.049432857665569	0.0175462298404121	0.0257979379844662	Source_1_up
1141700028	cattle	0.243688254665203	0.362298819177117	0.142901392477055	0.00766615913034241	0.031537996273986	0.0602399247294966	0.0208562019758507	0.130811251570949	Source_1_up
1141800058	cattle	0.237102085620198	0.302443815356173	0.112137848121796	0.0406147091108672	0.0452004082065809	0.247501299901785	0.00329308452250274	0.0117067491600971	Source_1_up
1141800063	chicken	0.0724478594950604	0.345909586481838	0.433193504674698	0.00544705175734731	0.0119014711481058	0.089166931373298	0.0208393143629148	0.0210942807067379	Source_1_up
1141900008	aquatic products	0.311745334796926	0.181179170439466	0.162791165620122	0.00437307460783967	0.0240887646603746	0.0602399247294966	0.021953896816685	0.23362866832909	Source_1_up
1141900085	aquatic products	0.295358318958758	0.224819824780086	0.21668751872023	0.0131369285790163	0.0705441469785688	0.1308120860464	0.0241144390430889	0.0245267368938514	Source_1_up
1141900124	aquatic products	0.705817782656421	0.103459963192267	0.0985551996440918	0.00766615913034241	0.0320811584483585	0.0238903431000028	0.0142700329308452	0.0142593608976704	Source_1_up
1142000058	cattle	0.176728869374314	0.497084420208601	0.153006974007977	0.013081453678458	0.0298902694367404	0.0869984144407855	0.0120563483351628	0.0311532505179612	Source_1_up
1141000004	aquatic products	0.402854006586169	0.159225273622781	0.152103084275157	0.00547076944867391	0.0273818491828773	0.0580445350478281	0.0186608122941822	0.176259669542332	Source_1_up
1141000008	aquatic products	0.299871935601903	0.288393167256971	0.269403986959305	0.00979563625565247	0.017361873399195	0.0772081036084972	0	0.0379652969184767	Source_1_up
1141000016	cattle	0.0620563483351628	0.625953726622904	0.101254644536601	0.0615691420196134	0.0151481888035126	0.0993944314397868	0.00109769484083425	0.0335258234015851	Source_1_up
1141000017	aquatic products	0.402854006586169	0.159225273622781	0.152103084275157	0.00547076944867391	0.0273818491828773	0.0580445350478281	0.0186608122941822	0.176259669542332	Source_1_up
1141000024	cattle	0.0581778265642152	0.456554062759285	0.0676775804368719	0.0240167385579485	0.0755223614498719	0.294291986827662	0.00329308452250274	0.0204663588816427	Source_1_up
1141000028	chicken	0.0878155872667399	0.150401080807228	0.49128990316595	0.00329308452250274	0.0412190169874034	0.0373216245883644	0.127315713923837	0.0613439887379745	Source_1_up
1141000029	cattle	0.172526266269406	0.471090752328322	0.225596934151155	0.0108155777119276	0.0173749411949192	0.0624258130852626	0	0.0401697152590092	Source_1_up
1141000036	cattle	0.172526266269406	0.471090752328322	0.225596934151155	0.0108155777119276	0.0173749411949192	0.0624258130852626	0	0.0401697152590092	Source_1_up
1141000037	aquatic products	0.402854006586169	0.159225273622781	0.152103084275157	0.00547076944867391	0.0273818491828773	0.0580445350478281	0.0186608122941822	0.176259669542332	Source_1_up
1141000048	cattle	0.208932139942019	0.40767018935082	0.25832859448984	0.0108756263409894	0.0248768611556756	0.0541565119509779	0	0.035160076769678	Source_1_up
1141000049	aquatic products	0.402854006586169	0.159225273622781	0.152103084275157	0.00547076944867391	0.0273818491828773	0.0580445350478281	0.0186608122941822	0.176259669542332	Source_1_up
1141000054	aquatic products	0.299871935601903	0.288393167256971	0.269403986959305	0.00979563625565247	0.017361873399195	0.0772081036084972	0	0.0379652969184767	Source_1_up
1141000056	cattle	0.208932139942019	0.40767018935082	0.25832859448984	0.0108756263409894	0.0248768611556756	0.0541565119509779	0	0.035160076769678	Source_1_up
1141000062	aquatic products	0.299871935601903	0.288393167256971	0.269403986959305	0.00979563625565247	0.017361873399195	0.0772081036084972	0	0.0379652969184767	Source_1_up
